423
460
272
649
506
509
833
265
631
823
835
336
720
510
496
321
798
713
829
788
747
43
574
159
669
238
780
721
689
688
401
192
378
37
657
351
349
380
309
33
400
276
117
46
512
383
148
389
583
488
14
548
1
515
247
439
92
80
802
623
122
379
233
749
671
353
405
275
189
50
268
819
820
119
277
790
367
630
267
311
435
550
567
390
455
273
294
386
647
357
260
809
486
365
805
234
794
372
296
718
797
643
492
727
313
766
269
497
100
26
783
49
320
312
590
450
541
21
645
44
45
740
782
594
593
596
53
22
781
522
704
777
660
316
513
245
299
239
589
374
768
498
732
771
741
600
622
751
698
552
592
540
399
384
724
617
705
627
201
298
430
140
709
109
127
381
300
244
124
679
644
641
707
665
16
10
180
3
331
681
493
266
682
93
352
335
317
625
667
499
297
534
661
578
279
570
475
553
51
421
438
568
48
571
672
544
76
391
341
453
642
470
221
640
626
609
577
449
414
597
181
145
521
350
323
532
147
605
82
535
495
420
161
217
562
413
359
261
254
582
437
121
542
474
604
330
114
168
264
152
310
543
584
182
263
404
169
149
417
520
504
579
190
368
191
573
358
185
999
41
303
558
576
575
572
566
551
91
422
451
494
431
490
555
502
530
116
106
187
503
462
514
370
500
436
291
407
355
52
232
19
177
292
255
99
12
489
302
183
134
518
136
418
483
517
184
356
160
295
481
403
11
94
102
258
406
17
388
47
278
20
360
236
253
409
468
251
364
342
347
362
142
158
426
382
366
179
96
319
241
240
392
346
112
151
115
13
332
153
200
230
139
348
174
54
250
144
162
219
84
274
167
129
257
259
143
301
